-0.493 -0.242 1.004
-0.493 -0.242 1.004
-0.493 -0.242 1.004
-0.493 -0.242 1.004
-0.493 -0.242 1.004
-0.493 -0.242 1.004
-0.493 -0.242 1.004
-0.493 -0.242 1.004
-0.493 -0.242 1.004
-0.493 -0.242 1.004
-0.493 -0.242 1.004
-0.493 -0.242 1.004
-0.493 -0.242 1.004
-0.493 -0.242 1.004
-0.493 -0.242 1.004
-0.493 -0.242 1.004
-0.493 -0.242 1.004
-0.493 -0.242 1.004
-0.493 -0.242 1.004
-0.493 -0.242 1.004
-0.493 -0.242 1.004
-0.493 -0.242 1.004
-0.493 -0.242 1.004
-0.493 -0.242 1.004
-0.493 -0.242 1.004
-0.493 -0.242 1.004
-0.493 -0.242 1.004
-0.493 -0.242 1.004
-0.493 -0.242 1.004
-0.493 -0.242 1.004
-0.493 -0.242 1.004
-0.493 -0.242 1.004
-0.493 -0.242 1.004
-0.493 -0.242 1.004
-0.493 -0.242 1.004
-0.493 -0.242 1.004
-0.493 -0.242 1.004
-0.493 -0.242 1.004
-0.493 -0.242 1.004
-0.493 -0.242 1.004
-0.493 -0.242 1.004
-0.493 -0.242 1.004
-0.493 -0.242 1.004
-0.493 -0.242 1.004
#This file stores the pose of every light wrt to console. Origin of console is at <pose>3 0 0 0 0 -1.570796</pose>.
#Every line is for the respective light number. 